

% BLEU scores for n = 1, 2, and 3
% For each sentence, the BLEU scores (n = 1, 2, 3) are shown on each line for alignment model sizes
% of 1k, 10k, 15k, and 30k, respectively.


Sentence: 1
    0.4667    0.1826         0

    0.6667    0.3086         0

    0.6667    0.3086         0

    0.6667    0.3086         0

Sentence: 2
    0.5714    0.3086         0

    0.4286    0.2673         0

    0.5714         0         0

    0.5714    0.3086         0

Sentence: 3
    0.4545         0         0

    0.6364    0.2523         0

    0.6364    0.2523         0

    0.6364    0.2523         0

Sentence: 4
    0.5833    0.3989         0

    0.8333    0.7282    0.5964

    0.8333    0.7282    0.5964

    0.8333    0.7282    0.5964

Sentence: 5
    0.6364    0.3568         0

    0.8182    0.4954         0

    0.8182    0.4954         0

    0.7273    0.4671         0

Sentence: 6
    0.6250    0.5175    0.3547

    0.7500    0.6547    0.5228

    0.8750    0.7071    0.5503

    0.8750    0.7071    0.5503

Sentence: 7
    0.4545    0.2132         0

    0.6364    0.3568    0.2418

    0.7273    0.3814    0.2528

    0.7273    0.3814    0.2528

Sentence: 8
    0.6667    0.3651         0

    0.8333    0.7071    0.6300

    0.8333    0.7071    0.6300

     1     1     1

Sentence: 9
    0.6667    0.5164         0

    0.6667    0.5164         0

    0.6667    0.5164         0

    0.6667    0.3651         0

Sentence: 10
    0.2500         0         0

    0.5000    0.4629    0.4149

    0.5000    0.4629    0.4149

    0.5000    0.4629    0.4149

Sentence: 11
    0.8182    0.4954    0.3010

    0.6364    0.4369    0.2768

    0.7273    0.4671    0.2894

    0.7273    0.4671    0.2894

Sentence: 12
    0.3333         0         0

    0.5833    0.2303         0

    0.5833    0.2303         0

    0.5833    0.2303         0

Sentence: 13
    0.2500         0         0

    0.3750         0         0

    0.3750         0         0

    0.5000         0         0

Sentence: 14
    0.6250    0.4082    0.2877

    0.7500    0.4472    0.3057

    0.7500    0.4472    0.3057

    0.7500    0.4472    0.3057

Sentence: 15
    0.6364    0.2523         0

    0.8182    0.5721    0.3313

    0.9091    0.6742    0.3696

    0.9091    0.6742    0.3696

Sentence: 16
    0.4524    0.2133         0

    0.6334    0.5047    0.3862

    0.6334    0.5047    0.3862

    0.6334    0.5047    0.3862

Sentence: 17
    0.5000    0.3780         0

    0.5000    0.3780         0

    0.5000    0.3780         0

    0.6250    0.5175    0.3547

Sentence: 18
    0.6275    0.4574    0.3674

    0.6798    0.4761    0.3773

    0.6798    0.5142    0.4279

    0.7844    0.6602    0.5912

Sentence: 19
    0.4981    0.3016         0

    0.5811    0.3990    0.3185

    0.5811    0.3990    0.3185

    0.5811    0.3990    0.3185

Sentence: 20
    0.4412         0         0

    0.5516    0.2637         0

    0.6619    0.5003    0.4191

    0.6619    0.5003    0.4191

Sentence: 21
    0.6667    0.3651         0

     1     1     1

    0.8333    0.7071    0.6300

    0.8333    0.7071    0.6300

Sentence: 22
    0.6667    0.4082         0

    0.6667    0.5000         0

    0.6667    0.5000         0

    0.7778    0.6236    0.3816

Sentence: 23
    0.6667    0.3482         0

    0.8333    0.5505    0.3118

    0.8333    0.5505    0.3118

    0.8333    0.5505    0.3118

Sentence: 24
    0.5625    0.3873    0.2205

    0.6875    0.4787    0.3199

    0.6875    0.4787    0.3199

    0.6250    0.4564    0.2460

Sentence: 25
    0.1667         0         0

    0.1667         0         0

    0.5000    0.3162         0

     0     0     0



% these scores are averaged over all 25 sentences
avgBLEU =

    0.5315    0.2750    0.0613
    0.6493    0.4395    0.2413
    0.6820    0.4491    0.2489
    0.6812    0.4688    0.2967

